1246
1293
1343
1404
1437
1455
1480
1498
1516
1537
1559
1552
1564
1585
1610
1624
1653
1690
1718
1726
1741
1763
1774
1786
1804
1821
1834
1841
1855
1867
1883
1893
1902
1921
1927
1941
1962
1981
1996
2009
2024
2039
2055
2062
2077
2089
2100
2111
2122
2138
2152
2167
2177
2193
2204
2212
2225
2230
2236
2241
2252
2252
2263
2282
2293
2300
2309
2319
2328
2334
2336
2338
2346
2356
2361
2365
2366
2373
2382
2388
2389
2390
2391
2393
2396
2402
2409
2408
2412
2413
2419
2421
2425
2428
2430
2430
2436
2441
2443
2445
