1259
1318
1357
1399
1437
1467
1486
1503
1528
1530
1547
1543
1553
1562
1548
1545
1540
1549
1553
1561
1564
1563
1575
1579
1587
1593
1582
1593
1604
1611
1617
1619
1623
1631
1641
1651
1661
1670
1684
1699
1719
1728
1738
1749
1751
1761
1766
1774
1773
1778
1781
1790
1804
1819
1824
1830
1845
1854
1867
1883
1892
1903
1919
1934
1948
1953
1963
1970
1973
1987
2001
2009
2016
2019
2022
2030
2040
2057
2071
2086
2093
2100
2112
2119
2125
2128
2135
2137
2143
2150
2162
2171
2185
2190
2197
2204
2207
2215
2228
2239
